   0   0   0
 255 229 129
 255 206 107
 255 206  99
 247 206 115
 255 206  90
 247 206 107
 239 206 115
 231 206 123
 255 198  99
 255 197  86
 231 198 122
 222 198 128
 247 189  79
 208 185 134
 228 178  80
 186 174 147
 176 164 148
 206 159  73
 179 160 121
 165 156 156
 185 148  76
 161 147 125
 164 141  94
 164 130  67
 140 129 119
 137 121  94
 132 119 107
 132 114  82
 137 112  66
 118 105  93
 112  94  72
 244 202 167
 227 180 144
 207 152 118
 193 133 100
 180 113  80
 165 100  70
 152  93  63
 140  86  55
 129  79  48
 122  75  43
 112  70  40
 103  64  39
  91  67  38
  79  63  43
  66  54  41
  54  50  40
 232 188 200
 220 166 188
 204 146 170
 188 127 158
 175 111 144
 155  98 130
 143  84 119
 127  77 106
 109  69 102
 101  65  96
  86  58  77
  75  52  71
  67  51  63
  63  47  56
  56  45  52
  46  44  46
 245 212 172
 229 193 150
 213 174 128
 196 154 105
 183 140  88
 173 127  78
 160 118  74
 151 110  69
 134 103  65
 123  92  60
 109  85  54
  96  76  51
  83  71  44
  69  63  42
  61  54  38
  50  45  34
 205 205 224
 188 188 199
 165 165 174
 145 145 159
 135 135 149
 122 122 137
 114 114 127
 103 103 116
  94  94 109
  85  85  96
  75  75  85
  68  68  80
  61  61  67
  53  53  59
  48  48  50
  44  44  45
 176 205 255
 147 185 244
 123 164 230
 104 152 217
  87 137 205
  68 124 192
  68 112 179
  62 105 167
  55  97 154
  49  90 142
  45  82 122
  51  77 102
  52  69  87
  50  62  73
  47  59  60
  44  48  49
 220 220 220
 197 197 197
 185 185 185
 174 174 174
 162 162 162
 147 147 147
 132 132 132
 119 119 119
 110 110 110
  99  99  99
  87  87  87
  78  78  78
  67  67  67
  58  58  58
  51  51  51
  44  44  44
 182 218 227
 158 202 202
 134 187 187
 109 170 170
  87 154 154
  77 142 142
  70 135 135
  62 124 124
  54 112 112
  46 103 103
  39  91  91
  40  83  83
  45  72  72
  47  63  63
  50  55  55
  45  48  48
 255 246 103
 241 238  45
 226 220   0
 212 203   0
 197 185   0
 183 168   0
 168 150   0
 154 133   0
 139 115   0
 127 106   4
 116  97   7
 104  87  11
  93  78  14
  81  69  18
  69  60  21
  58  51  25
 202 221 196
 175 200 168
 148 176 141
 123 156 118
 107 144 109
  93 130  94
  82 116  86
  77 110  78
  68  99  67
  61  89  53
  52  77  45
  46  68  37
  39  60  39
  30  55  30
  34  51  34
  40  47  40
 179 107  83
 175  95  75
 175  87  67
 163  79  59
 155  75  51
 147  71  47
 155  91  47
 139  83  43
 127  75  39
 115  67  35
  99  63  31
  87  55  27
  75  47  23
  59  39  19
  47  31  15
  35  23  11
 216 227 162
 185 205 127
 159 183 101
 130 162  77
 109 146  66
 101 137  60
  92 127  54
  84 118  48
  76 108  42
  65  98  37
  53  87  34
  51  75  35
  45  64  37
  43  56  39
  38  51  40
  43  46  45
 179 115  79
 175 111  75
 171 107  71
 167 103  67
 159  99  63
 155  95  59
 151  91  55
 143  87  51
  40  40  40
  38  38  38
  35  35  35
  31  31  31
  27  27  27
  23  23  23
  19  19  19
  15  15  15
 254 255 199
 254 245 185
 254 235 170
 254 225 156
 255 215 141
 255 205 127
 255 195 112
 255 185  98
 255 175  83
 241 167  54
 234 155  50
 226 143  46
 219 131  43
 212 119  39
 205 107  35
 198  95  31
 190  84  27
 183  72  23
 176  60  19
 169  48  15
 162  36  12
 154  24   8
 147  12   4
 130  22   0
 111  34   0
 102  33   1
  92  33   3
  83  32  10
  74  39  27
  65  41  33
  57  43  39
   0   0   0
