   0 255   0
  28  28  71
  27  27  67
  27  27  64
  26  26  60
  26  26  56
  25  25  53
  25  25  49
  24  24  46
  23  23  42
  23  23  38
  22  22  35
  22  22  31
  21  21  27
  21  21  24
  20  20  20
   0   0 108
   0   0 103
   0   0  99
   0   0  94
   0   0  90
   0   0  85
   0   0  80
   0   0  76
   0   0  71
   0   0  67
   0   0  62
   0   0  57
   0   0  53
   0   0  48
   0   0  44
   0   0  39
 247 203 167
 227 183 147
 207 155 119
 195 135 103
 183 115  83
 167 103  71
 155  95  63
 143  87  55
 131  79  51
 123  75  43
 115  71  43
 103  67  39
  91  67  39
  79  63  43
  67  55  43
  55  51  43
 235 199 199
 223 179 179
 207 159 159
 191 139 139
 175 123 123
 155 107 107
 143  95  99
 127  83  91
 111  75  91
 103  71  87
  87  63  79
  75  55  71
  67  51  63
  63  47  59
  59  47  55
  47  47  47
 247 215 175
 231 195 151
 215 175 131
 199 155 107
 183 143  91
 175 127  79
 163 119  75
 151 111  71
 135 103  67
 123  95  63
 111  87  55
  99  79  51
  83  71  47
  71  63  43
  63  55  39
  51  47  35
 207 207 227
 191 191 199
 167 167 175
 147 147 159
 135 135 151
 123 123 139
 115 115 127
 103 103 119
  95  95 111
  87  87  99
  75  75  87
  71  71  83
  63  63  67
  55  55  59
  51  51  51
  47  47  47
 179 207 255
 147 187 247
 123 167 231
 107 155 219
  87 139 207
  71 127 195
  71 115 179
  63 107 167
  55  99 155
  51  91 143
  47  83 123
  51  79 103
  55  71  87
  51  63  75
  47  59  63
  47  51  51
 223 223 223
 199 199 199
 187 187 187
 175 175 175
 163 163 163
 147 147 147
 135 135 135
 119 119 119
 111 111 111
  99  99  99
  87  87  87
  79  79  79
  67  67  67
  59  59  59
  51  51  51
  47  47  47
 183 219 227
 159 203 203
 135 187 187
 111 171 171
  87 155 155
  79 143 143
  71 135 135
  63 127 127
  55 115 115
  47 103 103
  39  91  91
  43  83  83
  47  75  75
  47  63  63
  51  55  55
  47  51  51
 255 247 103
 243 239  47
 227 223   0
 215 203   0
 199 187   0
 183 171   0
 171 151   0
 155 135   0
 139 115   0
 127 107   7
 119  99   7
 107  87  11
  95  79  15
  83  71  19
  71  63  23
  59  51  27
 203 223 199
 175 203 171
 151 179 143
 123 159 119
 107 147 111
  95 131  95
  83 119  87
  79 111  79
  71  99  67
  63  91  55
  55  79  47
  47  71  39
  39  63  39
  31  55  31
  35  51  35
  43  47  43
 179 107  83
 175  95  75
 175  87  67
 163  79  59
 155  75  51
 147  71  47
 155  91  47
 139  83  43
 127  75  39
 115  67  35
  99  63  31
  87  55  27
  75  47  23
  59  39  19
  47  31  15
  35  23  11
 219 227 163
 187 207 127
 159 183 103
 131 163  79
 111 147  67
 103 139  63
  95 127  55
  87 119  51
  79 111  43
  67  99  39
  55  87  35
  51  75  35
  47  67  39
  43  59  39
  39  51  43
  43  47  47
 179 115  79
 175 111  75
 171 107  71
 167 103  67
 159  99  63
 155  95  59
 151  91  55
 143  87  51
  43  43  43
  39  39  39
  35  35  35
  31  31  31
  27  27  27
  23  23  23
  19  19  19
  15  15  15
 255 255 199
 255 247 187
 255 235 171
 255 227 159
 255 215 143
 255 207 127
 255 195 115
 255 187  99
 255 175  83
 243 167  55
 235 155  51
 227 143  47
 219 131  43
 215 119  39
 207 107  35
 199  95  31
 191  87  27
 183  75  23
 179  63  19
 171  51  15
 163  39  15
 155  27  11
 147  15   7
 131  23   0
 111  35   0
 103  35   0
  95  35   0
  83  35  11
  75  39  27
  67  43  35
  59  43  39
   0 255   0
